{
 "cells": [
  {
   "cell_type": "markdown",
   "metadata": {},
   "source": []
  },
  {
   "cell_type": "markdown",
   "metadata": {},
   "source": [
    "## Alhajuela Lake Bed Sedimentation Prediction"
   ]
  },
  {
   "cell_type": "code",
   "execution_count": 93,
   "metadata": {},
   "outputs": [
    {
     "name": "stdout",
     "output_type": "stream",
     "text": [
      "1.21.2\n",
      "1.3.2\n",
      "3.7.10 | packaged by conda-forge | (default, Feb 19 2021, 15:37:01) [MSC v.1916 64 bit (AMD64)]\n",
      "0.24.2\n"
     ]
    }
   ],
   "source": [
    "import sys\n",
    "import seaborn as sns\n",
    "import numpy as np\n",
    "import pandas as pd\n",
    "import sklearn\n",
    "import matplotlib.pyplot as plt\n",
    "%matplotlib inline\n",
    "import seaborn as sns\n",
    "sns.set_style('whitegrid')\n",
    "print(np.__version__)\n",
    "print(pd.__version__)\n",
    "print(sys.version)\n",
    "print(sklearn.__version__)\n",
    "from sklearn.svm import SVC\n",
    "from sklearn.model_selection import validation_curve\n",
    "from sklearn.linear_model import Ridge\n",
    "from sklearn.neighbors import KNeighborsClassifier\n",
    "from sklearn.neural_network import MLPRegressor\n",
    "from sklearn import preprocessing\n",
    "plt.rcParams.update({'font.size': 16})\n"
   ]
  },
  {
   "cell_type": "code",
   "execution_count": null,
   "metadata": {},
   "outputs": [],
   "source": []
  },
  {
   "cell_type": "code",
   "execution_count": 48,
   "metadata": {},
   "outputs": [
    {
     "name": "stdout",
     "output_type": "stream",
     "text": [
      "1.21.2\n",
      "1.3.2\n",
      "3.7.10 | packaged by conda-forge | (default, Feb 19 2021, 15:37:01) [MSC v.1916 64 bit (AMD64)]\n",
      "0.24.2\n"
     ]
    }
   ],
   "source": [
    "print(np.__version__)\n",
    "print(pd.__version__)\n",
    "print(sys.version)\n",
    "print(sklearn.__version__)"
   ]
  },
  {
   "cell_type": "code",
   "execution_count": 49,
   "metadata": {},
   "outputs": [],
   "source": [
    "df = pd.read_csv('data/TrainingDataV1.csv', delim_whitespace=False, header=0)"
   ]
  },
  {
   "cell_type": "code",
   "execution_count": 50,
   "metadata": {},
   "outputs": [
    {
     "data": {
      "text/plain": [
       "Index(['x', 'y', 'horigin', 'year', 'height', 'slope', 'aspect', 'dh', 'T',\n",
       "       'depth', 'dRM1', 'dRM2', 'dRM3', 'dRM4', 'dRM5', 'dRM6', 'dRM7',\n",
       "       'dRMtot', 'Xfactor'],\n",
       "      dtype='object')"
      ]
     },
     "execution_count": 50,
     "metadata": {},
     "output_type": "execute_result"
    }
   ],
   "source": [
    "df.keys()"
   ]
  },
  {
   "cell_type": "markdown",
   "metadata": {},
   "source": [
    "dh is horigin - height / T\n"
   ]
  },
  {
   "cell_type": "code",
   "execution_count": 51,
   "metadata": {},
   "outputs": [
    {
     "data": {
      "text/html": [
       "<div>\n",
       "<style scoped>\n",
       "    .dataframe tbody tr th:only-of-type {\n",
       "        vertical-align: middle;\n",
       "    }\n",
       "\n",
       "    .dataframe tbody tr th {\n",
       "        vertical-align: top;\n",
       "    }\n",
       "\n",
       "    .dataframe thead th {\n",
       "        text-align: right;\n",
       "    }\n",
       "</style>\n",
       "<table border=\"1\" class=\"dataframe\">\n",
       "  <thead>\n",
       "    <tr style=\"text-align: right;\">\n",
       "      <th></th>\n",
       "      <th>x</th>\n",
       "      <th>y</th>\n",
       "      <th>horigin</th>\n",
       "      <th>year</th>\n",
       "      <th>height</th>\n",
       "      <th>slope</th>\n",
       "      <th>aspect</th>\n",
       "      <th>dh</th>\n",
       "      <th>T</th>\n",
       "      <th>depth</th>\n",
       "      <th>dRM1</th>\n",
       "      <th>dRM2</th>\n",
       "      <th>dRM3</th>\n",
       "      <th>dRM4</th>\n",
       "      <th>dRM5</th>\n",
       "      <th>dRM6</th>\n",
       "      <th>dRM7</th>\n",
       "      <th>dRMtot</th>\n",
       "      <th>Xfactor</th>\n",
       "    </tr>\n",
       "  </thead>\n",
       "  <tbody>\n",
       "    <tr>\n",
       "      <th>0</th>\n",
       "      <td>655,559.71</td>\n",
       "      <td>1,015,911.65</td>\n",
       "      <td>66.36</td>\n",
       "      <td>2008</td>\n",
       "      <td>67.46</td>\n",
       "      <td>0.35</td>\n",
       "      <td>180.00</td>\n",
       "      <td>0.10</td>\n",
       "      <td>11</td>\n",
       "      <td>35.76</td>\n",
       "      <td>16,204.93</td>\n",
       "      <td>16,088.46</td>\n",
       "      <td>12,588.49</td>\n",
       "      <td>7,720.53</td>\n",
       "      <td>10,685.86</td>\n",
       "      <td>9,201.77</td>\n",
       "      <td>6,142.22</td>\n",
       "      <td>78,632.26</td>\n",
       "      <td>10</td>\n",
       "    </tr>\n",
       "    <tr>\n",
       "      <th>1</th>\n",
       "      <td>655,584.71</td>\n",
       "      <td>1,015,911.65</td>\n",
       "      <td>66.36</td>\n",
       "      <td>2008</td>\n",
       "      <td>67.46</td>\n",
       "      <td>3.94</td>\n",
       "      <td>278.92</td>\n",
       "      <td>0.10</td>\n",
       "      <td>11</td>\n",
       "      <td>35.76</td>\n",
       "      <td>16,201.95</td>\n",
       "      <td>16,088.57</td>\n",
       "      <td>12,588.64</td>\n",
       "      <td>7,730.47</td>\n",
       "      <td>10,682.52</td>\n",
       "      <td>9,197.89</td>\n",
       "      <td>6,128.26</td>\n",
       "      <td>78,618.29</td>\n",
       "      <td>10</td>\n",
       "    </tr>\n",
       "    <tr>\n",
       "      <th>2</th>\n",
       "      <td>655,609.71</td>\n",
       "      <td>1,015,911.65</td>\n",
       "      <td>66.70</td>\n",
       "      <td>2008</td>\n",
       "      <td>68.40</td>\n",
       "      <td>7.63</td>\n",
       "      <td>329.48</td>\n",
       "      <td>0.15</td>\n",
       "      <td>11</td>\n",
       "      <td>36.10</td>\n",
       "      <td>16,199.02</td>\n",
       "      <td>16,088.72</td>\n",
       "      <td>12,588.83</td>\n",
       "      <td>7,740.48</td>\n",
       "      <td>10,679.24</td>\n",
       "      <td>9,194.07</td>\n",
       "      <td>6,114.36</td>\n",
       "      <td>78,604.72</td>\n",
       "      <td>10</td>\n",
       "    </tr>\n",
       "    <tr>\n",
       "      <th>3</th>\n",
       "      <td>655,634.71</td>\n",
       "      <td>1,015,911.65</td>\n",
       "      <td>66.70</td>\n",
       "      <td>2008</td>\n",
       "      <td>68.45</td>\n",
       "      <td>12.34</td>\n",
       "      <td>0.00</td>\n",
       "      <td>0.16</td>\n",
       "      <td>11</td>\n",
       "      <td>36.10</td>\n",
       "      <td>16,196.12</td>\n",
       "      <td>16,088.91</td>\n",
       "      <td>12,589.07</td>\n",
       "      <td>7,750.56</td>\n",
       "      <td>10,676.01</td>\n",
       "      <td>9,190.33</td>\n",
       "      <td>6,100.53</td>\n",
       "      <td>78,591.53</td>\n",
       "      <td>10</td>\n",
       "    </tr>\n",
       "    <tr>\n",
       "      <th>4</th>\n",
       "      <td>655,659.71</td>\n",
       "      <td>1,015,911.65</td>\n",
       "      <td>66.70</td>\n",
       "      <td>2008</td>\n",
       "      <td>67.60</td>\n",
       "      <td>15.54</td>\n",
       "      <td>48.72</td>\n",
       "      <td>0.08</td>\n",
       "      <td>11</td>\n",
       "      <td>36.10</td>\n",
       "      <td>16,193.26</td>\n",
       "      <td>16,089.14</td>\n",
       "      <td>12,589.36</td>\n",
       "      <td>7,760.70</td>\n",
       "      <td>10,672.84</td>\n",
       "      <td>9,186.65</td>\n",
       "      <td>6,086.78</td>\n",
       "      <td>78,578.73</td>\n",
       "      <td>10</td>\n",
       "    </tr>\n",
       "  </tbody>\n",
       "</table>\n",
       "</div>"
      ],
      "text/plain": [
       "           x            y  horigin  year  height  slope  aspect   dh   T  \\\n",
       "0 655,559.71 1,015,911.65    66.36  2008   67.46   0.35  180.00 0.10  11   \n",
       "1 655,584.71 1,015,911.65    66.36  2008   67.46   3.94  278.92 0.10  11   \n",
       "2 655,609.71 1,015,911.65    66.70  2008   68.40   7.63  329.48 0.15  11   \n",
       "3 655,634.71 1,015,911.65    66.70  2008   68.45  12.34    0.00 0.16  11   \n",
       "4 655,659.71 1,015,911.65    66.70  2008   67.60  15.54   48.72 0.08  11   \n",
       "\n",
       "   depth      dRM1      dRM2      dRM3     dRM4      dRM5     dRM6     dRM7  \\\n",
       "0  35.76 16,204.93 16,088.46 12,588.49 7,720.53 10,685.86 9,201.77 6,142.22   \n",
       "1  35.76 16,201.95 16,088.57 12,588.64 7,730.47 10,682.52 9,197.89 6,128.26   \n",
       "2  36.10 16,199.02 16,088.72 12,588.83 7,740.48 10,679.24 9,194.07 6,114.36   \n",
       "3  36.10 16,196.12 16,088.91 12,589.07 7,750.56 10,676.01 9,190.33 6,100.53   \n",
       "4  36.10 16,193.26 16,089.14 12,589.36 7,760.70 10,672.84 9,186.65 6,086.78   \n",
       "\n",
       "     dRMtot  Xfactor  \n",
       "0 78,632.26       10  \n",
       "1 78,618.29       10  \n",
       "2 78,604.72       10  \n",
       "3 78,591.53       10  \n",
       "4 78,578.73       10  "
      ]
     },
     "execution_count": 51,
     "metadata": {},
     "output_type": "execute_result"
    }
   ],
   "source": [
    "df.head()"
   ]
  },
  {
   "cell_type": "code",
   "execution_count": 52,
   "metadata": {},
   "outputs": [],
   "source": [
    "col_study = ['x', 'y', 'horigin', 'year', 'slope', 'aspect', 'T', 'dRM1',\n",
    "       'dRM2', 'dRM3', 'dRM4', 'dRM5', 'dRM6', 'dRM7', 'dRMtot', 'depth','Xfactor']\n",
    "param_study = 'dh'"
   ]
  },
  {
   "cell_type": "markdown",
   "metadata": {},
   "source": [
    "# Correlation Analysis and Feature Selection"
   ]
  },
  {
   "cell_type": "code",
   "execution_count": 54,
   "metadata": {},
   "outputs": [],
   "source": [
    "pd.options.display.float_format = '{:,.3f}'.format"
   ]
  },
  {
   "cell_type": "code",
   "execution_count": 55,
   "metadata": {},
   "outputs": [
    {
     "data": {
      "text/html": [
       "<div>\n",
       "<style scoped>\n",
       "    .dataframe tbody tr th:only-of-type {\n",
       "        vertical-align: middle;\n",
       "    }\n",
       "\n",
       "    .dataframe tbody tr th {\n",
       "        vertical-align: top;\n",
       "    }\n",
       "\n",
       "    .dataframe thead th {\n",
       "        text-align: right;\n",
       "    }\n",
       "</style>\n",
       "<table border=\"1\" class=\"dataframe\">\n",
       "  <thead>\n",
       "    <tr style=\"text-align: right;\">\n",
       "      <th></th>\n",
       "      <th>x</th>\n",
       "      <th>y</th>\n",
       "      <th>horigin</th>\n",
       "      <th>year</th>\n",
       "      <th>height</th>\n",
       "      <th>slope</th>\n",
       "      <th>aspect</th>\n",
       "      <th>dh</th>\n",
       "      <th>T</th>\n",
       "      <th>depth</th>\n",
       "      <th>dRM1</th>\n",
       "      <th>dRM2</th>\n",
       "      <th>dRM3</th>\n",
       "      <th>dRM4</th>\n",
       "      <th>dRM5</th>\n",
       "      <th>dRM6</th>\n",
       "      <th>dRM7</th>\n",
       "      <th>dRMtot</th>\n",
       "      <th>Xfactor</th>\n",
       "    </tr>\n",
       "  </thead>\n",
       "  <tbody>\n",
       "    <tr>\n",
       "      <th>x</th>\n",
       "      <td>1.000</td>\n",
       "      <td>0.254</td>\n",
       "      <td>0.394</td>\n",
       "      <td>0.000</td>\n",
       "      <td>0.351</td>\n",
       "      <td>-0.373</td>\n",
       "      <td>0.124</td>\n",
       "      <td>-0.049</td>\n",
       "      <td>-0.000</td>\n",
       "      <td>0.394</td>\n",
       "      <td>-0.294</td>\n",
       "      <td>-0.212</td>\n",
       "      <td>-0.120</td>\n",
       "      <td>0.573</td>\n",
       "      <td>-0.179</td>\n",
       "      <td>-0.150</td>\n",
       "      <td>-0.251</td>\n",
       "      <td>-0.193</td>\n",
       "      <td>0.000</td>\n",
       "    </tr>\n",
       "    <tr>\n",
       "      <th>y</th>\n",
       "      <td>0.254</td>\n",
       "      <td>1.000</td>\n",
       "      <td>0.435</td>\n",
       "      <td>0.000</td>\n",
       "      <td>0.365</td>\n",
       "      <td>-0.171</td>\n",
       "      <td>0.014</td>\n",
       "      <td>-0.101</td>\n",
       "      <td>-0.000</td>\n",
       "      <td>0.435</td>\n",
       "      <td>-0.993</td>\n",
       "      <td>-0.986</td>\n",
       "      <td>-0.882</td>\n",
       "      <td>0.405</td>\n",
       "      <td>-0.681</td>\n",
       "      <td>-0.331</td>\n",
       "      <td>0.694</td>\n",
       "      <td>-0.760</td>\n",
       "      <td>-0.000</td>\n",
       "    </tr>\n",
       "    <tr>\n",
       "      <th>horigin</th>\n",
       "      <td>0.394</td>\n",
       "      <td>0.435</td>\n",
       "      <td>1.000</td>\n",
       "      <td>0.000</td>\n",
       "      <td>0.938</td>\n",
       "      <td>0.087</td>\n",
       "      <td>-0.028</td>\n",
       "      <td>0.019</td>\n",
       "      <td>-0.000</td>\n",
       "      <td>1.000</td>\n",
       "      <td>-0.445</td>\n",
       "      <td>-0.426</td>\n",
       "      <td>-0.365</td>\n",
       "      <td>0.380</td>\n",
       "      <td>-0.286</td>\n",
       "      <td>-0.122</td>\n",
       "      <td>0.245</td>\n",
       "      <td>-0.304</td>\n",
       "      <td>0.000</td>\n",
       "    </tr>\n",
       "    <tr>\n",
       "      <th>year</th>\n",
       "      <td>0.000</td>\n",
       "      <td>0.000</td>\n",
       "      <td>0.000</td>\n",
       "      <td>1.000</td>\n",
       "      <td>0.154</td>\n",
       "      <td>0.058</td>\n",
       "      <td>0.004</td>\n",
       "      <td>0.389</td>\n",
       "      <td>-0.606</td>\n",
       "      <td>0.000</td>\n",
       "      <td>-0.000</td>\n",
       "      <td>-0.000</td>\n",
       "      <td>-0.000</td>\n",
       "      <td>-0.000</td>\n",
       "      <td>-0.000</td>\n",
       "      <td>-0.000</td>\n",
       "      <td>0.000</td>\n",
       "      <td>-0.000</td>\n",
       "      <td>-0.115</td>\n",
       "    </tr>\n",
       "    <tr>\n",
       "      <th>height</th>\n",
       "      <td>0.351</td>\n",
       "      <td>0.365</td>\n",
       "      <td>0.938</td>\n",
       "      <td>0.154</td>\n",
       "      <td>1.000</td>\n",
       "      <td>0.107</td>\n",
       "      <td>-0.004</td>\n",
       "      <td>0.345</td>\n",
       "      <td>-0.100</td>\n",
       "      <td>0.938</td>\n",
       "      <td>-0.371</td>\n",
       "      <td>-0.351</td>\n",
       "      <td>-0.293</td>\n",
       "      <td>0.359</td>\n",
       "      <td>-0.219</td>\n",
       "      <td>-0.072</td>\n",
       "      <td>0.219</td>\n",
       "      <td>-0.232</td>\n",
       "      <td>-0.009</td>\n",
       "    </tr>\n",
       "    <tr>\n",
       "      <th>slope</th>\n",
       "      <td>-0.373</td>\n",
       "      <td>-0.171</td>\n",
       "      <td>0.087</td>\n",
       "      <td>0.058</td>\n",
       "      <td>0.107</td>\n",
       "      <td>1.000</td>\n",
       "      <td>-0.084</td>\n",
       "      <td>0.081</td>\n",
       "      <td>-0.058</td>\n",
       "      <td>0.087</td>\n",
       "      <td>0.195</td>\n",
       "      <td>0.172</td>\n",
       "      <td>0.135</td>\n",
       "      <td>-0.205</td>\n",
       "      <td>0.139</td>\n",
       "      <td>0.102</td>\n",
       "      <td>0.066</td>\n",
       "      <td>0.162</td>\n",
       "      <td>0.022</td>\n",
       "    </tr>\n",
       "    <tr>\n",
       "      <th>aspect</th>\n",
       "      <td>0.124</td>\n",
       "      <td>0.014</td>\n",
       "      <td>-0.028</td>\n",
       "      <td>0.004</td>\n",
       "      <td>-0.004</td>\n",
       "      <td>-0.084</td>\n",
       "      <td>1.000</td>\n",
       "      <td>0.066</td>\n",
       "      <td>0.001</td>\n",
       "      <td>-0.028</td>\n",
       "      <td>-0.025</td>\n",
       "      <td>-0.010</td>\n",
       "      <td>0.001</td>\n",
       "      <td>0.070</td>\n",
       "      <td>-0.017</td>\n",
       "      <td>-0.023</td>\n",
       "      <td>-0.055</td>\n",
       "      <td>-0.017</td>\n",
       "      <td>-0.005</td>\n",
       "    </tr>\n",
       "    <tr>\n",
       "      <th>dh</th>\n",
       "      <td>-0.049</td>\n",
       "      <td>-0.101</td>\n",
       "      <td>0.019</td>\n",
       "      <td>0.389</td>\n",
       "      <td>0.345</td>\n",
       "      <td>0.081</td>\n",
       "      <td>0.066</td>\n",
       "      <td>1.000</td>\n",
       "      <td>-0.392</td>\n",
       "      <td>0.019</td>\n",
       "      <td>0.107</td>\n",
       "      <td>0.112</td>\n",
       "      <td>0.115</td>\n",
       "      <td>0.006</td>\n",
       "      <td>0.119</td>\n",
       "      <td>0.105</td>\n",
       "      <td>-0.018</td>\n",
       "      <td>0.126</td>\n",
       "      <td>0.151</td>\n",
       "    </tr>\n",
       "    <tr>\n",
       "      <th>T</th>\n",
       "      <td>-0.000</td>\n",
       "      <td>-0.000</td>\n",
       "      <td>-0.000</td>\n",
       "      <td>-0.606</td>\n",
       "      <td>-0.100</td>\n",
       "      <td>-0.058</td>\n",
       "      <td>0.001</td>\n",
       "      <td>-0.392</td>\n",
       "      <td>1.000</td>\n",
       "      <td>0.000</td>\n",
       "      <td>-0.000</td>\n",
       "      <td>-0.000</td>\n",
       "      <td>-0.000</td>\n",
       "      <td>-0.000</td>\n",
       "      <td>-0.000</td>\n",
       "      <td>0.000</td>\n",
       "      <td>0.000</td>\n",
       "      <td>0.000</td>\n",
       "      <td>-0.721</td>\n",
       "    </tr>\n",
       "    <tr>\n",
       "      <th>depth</th>\n",
       "      <td>0.394</td>\n",
       "      <td>0.435</td>\n",
       "      <td>1.000</td>\n",
       "      <td>0.000</td>\n",
       "      <td>0.938</td>\n",
       "      <td>0.087</td>\n",
       "      <td>-0.028</td>\n",
       "      <td>0.019</td>\n",
       "      <td>0.000</td>\n",
       "      <td>1.000</td>\n",
       "      <td>-0.445</td>\n",
       "      <td>-0.426</td>\n",
       "      <td>-0.365</td>\n",
       "      <td>0.380</td>\n",
       "      <td>-0.286</td>\n",
       "      <td>-0.122</td>\n",
       "      <td>0.245</td>\n",
       "      <td>-0.304</td>\n",
       "      <td>0.000</td>\n",
       "    </tr>\n",
       "    <tr>\n",
       "      <th>dRM1</th>\n",
       "      <td>-0.294</td>\n",
       "      <td>-0.993</td>\n",
       "      <td>-0.445</td>\n",
       "      <td>-0.000</td>\n",
       "      <td>-0.371</td>\n",
       "      <td>0.195</td>\n",
       "      <td>-0.025</td>\n",
       "      <td>0.107</td>\n",
       "      <td>-0.000</td>\n",
       "      <td>-0.445</td>\n",
       "      <td>1.000</td>\n",
       "      <td>0.994</td>\n",
       "      <td>0.906</td>\n",
       "      <td>-0.386</td>\n",
       "      <td>0.725</td>\n",
       "      <td>0.387</td>\n",
       "      <td>-0.641</td>\n",
       "      <td>0.801</td>\n",
       "      <td>0.000</td>\n",
       "    </tr>\n",
       "    <tr>\n",
       "      <th>dRM2</th>\n",
       "      <td>-0.212</td>\n",
       "      <td>-0.986</td>\n",
       "      <td>-0.426</td>\n",
       "      <td>-0.000</td>\n",
       "      <td>-0.351</td>\n",
       "      <td>0.172</td>\n",
       "      <td>-0.010</td>\n",
       "      <td>0.112</td>\n",
       "      <td>-0.000</td>\n",
       "      <td>-0.426</td>\n",
       "      <td>0.994</td>\n",
       "      <td>1.000</td>\n",
       "      <td>0.936</td>\n",
       "      <td>-0.317</td>\n",
       "      <td>0.755</td>\n",
       "      <td>0.420</td>\n",
       "      <td>-0.649</td>\n",
       "      <td>0.828</td>\n",
       "      <td>0.000</td>\n",
       "    </tr>\n",
       "    <tr>\n",
       "      <th>dRM3</th>\n",
       "      <td>-0.120</td>\n",
       "      <td>-0.882</td>\n",
       "      <td>-0.365</td>\n",
       "      <td>-0.000</td>\n",
       "      <td>-0.293</td>\n",
       "      <td>0.135</td>\n",
       "      <td>0.001</td>\n",
       "      <td>0.115</td>\n",
       "      <td>-0.000</td>\n",
       "      <td>-0.365</td>\n",
       "      <td>0.906</td>\n",
       "      <td>0.936</td>\n",
       "      <td>1.000</td>\n",
       "      <td>-0.034</td>\n",
       "      <td>0.917</td>\n",
       "      <td>0.664</td>\n",
       "      <td>-0.458</td>\n",
       "      <td>0.948</td>\n",
       "      <td>-0.000</td>\n",
       "    </tr>\n",
       "    <tr>\n",
       "      <th>dRM4</th>\n",
       "      <td>0.573</td>\n",
       "      <td>0.405</td>\n",
       "      <td>0.380</td>\n",
       "      <td>-0.000</td>\n",
       "      <td>0.359</td>\n",
       "      <td>-0.205</td>\n",
       "      <td>0.070</td>\n",
       "      <td>0.006</td>\n",
       "      <td>-0.000</td>\n",
       "      <td>0.380</td>\n",
       "      <td>-0.386</td>\n",
       "      <td>-0.317</td>\n",
       "      <td>-0.034</td>\n",
       "      <td>1.000</td>\n",
       "      <td>0.224</td>\n",
       "      <td>0.516</td>\n",
       "      <td>0.481</td>\n",
       "      <td>0.160</td>\n",
       "      <td>0.000</td>\n",
       "    </tr>\n",
       "    <tr>\n",
       "      <th>dRM5</th>\n",
       "      <td>-0.179</td>\n",
       "      <td>-0.681</td>\n",
       "      <td>-0.286</td>\n",
       "      <td>-0.000</td>\n",
       "      <td>-0.219</td>\n",
       "      <td>0.139</td>\n",
       "      <td>-0.017</td>\n",
       "      <td>0.119</td>\n",
       "      <td>-0.000</td>\n",
       "      <td>-0.286</td>\n",
       "      <td>0.725</td>\n",
       "      <td>0.755</td>\n",
       "      <td>0.917</td>\n",
       "      <td>0.224</td>\n",
       "      <td>1.000</td>\n",
       "      <td>0.902</td>\n",
       "      <td>-0.108</td>\n",
       "      <td>0.986</td>\n",
       "      <td>0.000</td>\n",
       "    </tr>\n",
       "    <tr>\n",
       "      <th>dRM6</th>\n",
       "      <td>-0.150</td>\n",
       "      <td>-0.331</td>\n",
       "      <td>-0.122</td>\n",
       "      <td>-0.000</td>\n",
       "      <td>-0.072</td>\n",
       "      <td>0.102</td>\n",
       "      <td>-0.023</td>\n",
       "      <td>0.105</td>\n",
       "      <td>0.000</td>\n",
       "      <td>-0.122</td>\n",
       "      <td>0.387</td>\n",
       "      <td>0.420</td>\n",
       "      <td>0.664</td>\n",
       "      <td>0.516</td>\n",
       "      <td>0.902</td>\n",
       "      <td>1.000</td>\n",
       "      <td>0.288</td>\n",
       "      <td>0.851</td>\n",
       "      <td>0.000</td>\n",
       "    </tr>\n",
       "    <tr>\n",
       "      <th>dRM7</th>\n",
       "      <td>-0.251</td>\n",
       "      <td>0.694</td>\n",
       "      <td>0.245</td>\n",
       "      <td>0.000</td>\n",
       "      <td>0.219</td>\n",
       "      <td>0.066</td>\n",
       "      <td>-0.055</td>\n",
       "      <td>-0.018</td>\n",
       "      <td>0.000</td>\n",
       "      <td>0.245</td>\n",
       "      <td>-0.641</td>\n",
       "      <td>-0.649</td>\n",
       "      <td>-0.458</td>\n",
       "      <td>0.481</td>\n",
       "      <td>-0.108</td>\n",
       "      <td>0.288</td>\n",
       "      <td>1.000</td>\n",
       "      <td>-0.185</td>\n",
       "      <td>0.000</td>\n",
       "    </tr>\n",
       "    <tr>\n",
       "      <th>dRMtot</th>\n",
       "      <td>-0.193</td>\n",
       "      <td>-0.760</td>\n",
       "      <td>-0.304</td>\n",
       "      <td>-0.000</td>\n",
       "      <td>-0.232</td>\n",
       "      <td>0.162</td>\n",
       "      <td>-0.017</td>\n",
       "      <td>0.126</td>\n",
       "      <td>0.000</td>\n",
       "      <td>-0.304</td>\n",
       "      <td>0.801</td>\n",
       "      <td>0.828</td>\n",
       "      <td>0.948</td>\n",
       "      <td>0.160</td>\n",
       "      <td>0.986</td>\n",
       "      <td>0.851</td>\n",
       "      <td>-0.185</td>\n",
       "      <td>1.000</td>\n",
       "      <td>0.000</td>\n",
       "    </tr>\n",
       "    <tr>\n",
       "      <th>Xfactor</th>\n",
       "      <td>0.000</td>\n",
       "      <td>-0.000</td>\n",
       "      <td>0.000</td>\n",
       "      <td>-0.115</td>\n",
       "      <td>-0.009</td>\n",
       "      <td>0.022</td>\n",
       "      <td>-0.005</td>\n",
       "      <td>0.151</td>\n",
       "      <td>-0.721</td>\n",
       "      <td>0.000</td>\n",
       "      <td>0.000</td>\n",
       "      <td>0.000</td>\n",
       "      <td>-0.000</td>\n",
       "      <td>0.000</td>\n",
       "      <td>0.000</td>\n",
       "      <td>0.000</td>\n",
       "      <td>0.000</td>\n",
       "      <td>0.000</td>\n",
       "      <td>1.000</td>\n",
       "    </tr>\n",
       "  </tbody>\n",
       "</table>\n",
       "</div>"
      ],
      "text/plain": [
       "             x      y  horigin   year  height  slope  aspect     dh      T  \\\n",
       "x        1.000  0.254    0.394  0.000   0.351 -0.373   0.124 -0.049 -0.000   \n",
       "y        0.254  1.000    0.435  0.000   0.365 -0.171   0.014 -0.101 -0.000   \n",
       "horigin  0.394  0.435    1.000  0.000   0.938  0.087  -0.028  0.019 -0.000   \n",
       "year     0.000  0.000    0.000  1.000   0.154  0.058   0.004  0.389 -0.606   \n",
       "height   0.351  0.365    0.938  0.154   1.000  0.107  -0.004  0.345 -0.100   \n",
       "slope   -0.373 -0.171    0.087  0.058   0.107  1.000  -0.084  0.081 -0.058   \n",
       "aspect   0.124  0.014   -0.028  0.004  -0.004 -0.084   1.000  0.066  0.001   \n",
       "dh      -0.049 -0.101    0.019  0.389   0.345  0.081   0.066  1.000 -0.392   \n",
       "T       -0.000 -0.000   -0.000 -0.606  -0.100 -0.058   0.001 -0.392  1.000   \n",
       "depth    0.394  0.435    1.000  0.000   0.938  0.087  -0.028  0.019  0.000   \n",
       "dRM1    -0.294 -0.993   -0.445 -0.000  -0.371  0.195  -0.025  0.107 -0.000   \n",
       "dRM2    -0.212 -0.986   -0.426 -0.000  -0.351  0.172  -0.010  0.112 -0.000   \n",
       "dRM3    -0.120 -0.882   -0.365 -0.000  -0.293  0.135   0.001  0.115 -0.000   \n",
       "dRM4     0.573  0.405    0.380 -0.000   0.359 -0.205   0.070  0.006 -0.000   \n",
       "dRM5    -0.179 -0.681   -0.286 -0.000  -0.219  0.139  -0.017  0.119 -0.000   \n",
       "dRM6    -0.150 -0.331   -0.122 -0.000  -0.072  0.102  -0.023  0.105  0.000   \n",
       "dRM7    -0.251  0.694    0.245  0.000   0.219  0.066  -0.055 -0.018  0.000   \n",
       "dRMtot  -0.193 -0.760   -0.304 -0.000  -0.232  0.162  -0.017  0.126  0.000   \n",
       "Xfactor  0.000 -0.000    0.000 -0.115  -0.009  0.022  -0.005  0.151 -0.721   \n",
       "\n",
       "         depth   dRM1   dRM2   dRM3   dRM4   dRM5   dRM6   dRM7  dRMtot  \\\n",
       "x        0.394 -0.294 -0.212 -0.120  0.573 -0.179 -0.150 -0.251  -0.193   \n",
       "y        0.435 -0.993 -0.986 -0.882  0.405 -0.681 -0.331  0.694  -0.760   \n",
       "horigin  1.000 -0.445 -0.426 -0.365  0.380 -0.286 -0.122  0.245  -0.304   \n",
       "year     0.000 -0.000 -0.000 -0.000 -0.000 -0.000 -0.000  0.000  -0.000   \n",
       "height   0.938 -0.371 -0.351 -0.293  0.359 -0.219 -0.072  0.219  -0.232   \n",
       "slope    0.087  0.195  0.172  0.135 -0.205  0.139  0.102  0.066   0.162   \n",
       "aspect  -0.028 -0.025 -0.010  0.001  0.070 -0.017 -0.023 -0.055  -0.017   \n",
       "dh       0.019  0.107  0.112  0.115  0.006  0.119  0.105 -0.018   0.126   \n",
       "T        0.000 -0.000 -0.000 -0.000 -0.000 -0.000  0.000  0.000   0.000   \n",
       "depth    1.000 -0.445 -0.426 -0.365  0.380 -0.286 -0.122  0.245  -0.304   \n",
       "dRM1    -0.445  1.000  0.994  0.906 -0.386  0.725  0.387 -0.641   0.801   \n",
       "dRM2    -0.426  0.994  1.000  0.936 -0.317  0.755  0.420 -0.649   0.828   \n",
       "dRM3    -0.365  0.906  0.936  1.000 -0.034  0.917  0.664 -0.458   0.948   \n",
       "dRM4     0.380 -0.386 -0.317 -0.034  1.000  0.224  0.516  0.481   0.160   \n",
       "dRM5    -0.286  0.725  0.755  0.917  0.224  1.000  0.902 -0.108   0.986   \n",
       "dRM6    -0.122  0.387  0.420  0.664  0.516  0.902  1.000  0.288   0.851   \n",
       "dRM7     0.245 -0.641 -0.649 -0.458  0.481 -0.108  0.288  1.000  -0.185   \n",
       "dRMtot  -0.304  0.801  0.828  0.948  0.160  0.986  0.851 -0.185   1.000   \n",
       "Xfactor  0.000  0.000  0.000 -0.000  0.000  0.000  0.000  0.000   0.000   \n",
       "\n",
       "         Xfactor  \n",
       "x          0.000  \n",
       "y         -0.000  \n",
       "horigin    0.000  \n",
       "year      -0.115  \n",
       "height    -0.009  \n",
       "slope      0.022  \n",
       "aspect    -0.005  \n",
       "dh         0.151  \n",
       "T         -0.721  \n",
       "depth      0.000  \n",
       "dRM1       0.000  \n",
       "dRM2       0.000  \n",
       "dRM3      -0.000  \n",
       "dRM4       0.000  \n",
       "dRM5       0.000  \n",
       "dRM6       0.000  \n",
       "dRM7       0.000  \n",
       "dRMtot     0.000  \n",
       "Xfactor    1.000  "
      ]
     },
     "execution_count": 55,
     "metadata": {},
     "output_type": "execute_result"
    }
   ],
   "source": [
    "df.corr()"
   ]
  },
  {
   "cell_type": "code",
   "execution_count": 56,
   "metadata": {},
   "outputs": [
    {
     "data": {
